epsilon_type,epsilon_value,simulation,rank_1_selection_rate,rank_2_selection_rate,rank_3_selection_rate,final_regret
random,0.01,1,0.707,0.17,0.123,94.0
random,0.01,2,0.452,0.309,0.239,61.0
random,0.01,3,0.468,0.287,0.245,54.0
random,0.01,4,0.546,0.337,0.117,97.0
random,0.01,5,0.492,0.338,0.17,59.0
random,0.01,6,0.412,0.318,0.27,23.0
random,0.01,7,0.476,0.324,0.2,77.0
random,0.01,8,0.459,0.285,0.256,73.0
random,0.01,9,0.377,0.451,0.172,44.0
random,0.01,10,0.713,0.149,0.138,115.0
random,0.01,11,0.445,0.311,0.244,59.0
random,0.01,12,0.61,0.27,0.12,98.0
random,0.01,13,0.481,0.338,0.181,57.0
random,0.01,14,0.569,0.325,0.106,90.0
random,0.01,15,0.337,0.398,0.265,27.0
random,0.01,16,0.481,0.262,0.257,73.0
random,0.01,17,0.503,0.352,0.145,55.0
random,0.01,18,0.409,0.287,0.304,40.0
random,0.01,19,0.549,0.279,0.172,97.0
random,0.01,20,0.633,0.216,0.151,122.0
random,0.01,21,0.719,0.153,0.128,99.0
random,0.01,22,0.396,0.405,0.199,31.0
random,0.01,23,0.515,0.348,0.137,78.0
random,0.01,24,0.656,0.181,0.163,114.0
random,0.01,25,0.502,0.308,0.19,67.0
random,0.01,26,0.44,0.346,0.214,50.0
random,0.01,27,0.455,0.355,0.19,43.0
random,0.01,28,0.379,0.342,0.279,48.0
random,0.01,29,0.65,0.218,0.132,117.0
random,0.01,30,0.673,0.185,0.142,105.0
random,0.01,31,0.456,0.354,0.19,80.0
random,0.01,32,0.587,0.253,0.16,91.0
random,0.01,33,0.567,0.316,0.117,74.0
random,0.01,34,0.405,0.327,0.268,26.0
random,0.01,35,0.398,0.365,0.237,31.0
random,0.01,36,0.423,0.348,0.229,46.0
random,0.01,37,0.4,0.382,0.218,45.0
random,0.01,38,0.525,0.321,0.154,76.0
random,0.01,39,0.408,0.323,0.269,48.0
random,0.01,40,0.765,0.127,0.108,109.0
random,0.01,41,0.618,0.188,0.194,114.0
random,0.01,42,0.49,0.294,0.216,47.0
random,0.01,43,0.673,0.185,0.142,107.0
random,0.01,44,0.594,0.271,0.135,83.0
random,0.01,45,0.525,0.34,0.135,62.0
random,0.01,46,0.54,0.274,0.186,61.0
random,0.01,47,0.475,0.398,0.127,56.0
random,0.01,48,0.591,0.246,0.163,87.0
random,0.01,49,0.502,0.266,0.232,77.0
random,0.01,50,0.64,0.197,0.163,108.0
random,0.01,51,0.597,0.203,0.2,97.0
random,0.01,52,0.319,0.326,0.355,4.0
random,0.01,53,0.517,0.293,0.19,85.0
random,0.01,54,0.462,0.278,0.26,76.0
random,0.01,55,0.543,0.309,0.148,85.0
random,0.01,56,0.453,0.383,0.164,70.0
random,0.01,57,0.432,0.27,0.298,59.0
random,0.01,58,0.425,0.306,0.269,55.0
random,0.01,59,0.514,0.319,0.167,36.0
random,0.01,60,0.573,0.286,0.141,72.0
random,0.01,61,0.415,0.449,0.136,56.0
random,0.01,62,0.497,0.254,0.249,77.0
random,0.01,63,0.491,0.369,0.14,53.0
random,0.01,64,0.481,0.403,0.116,62.0
random,0.01,65,0.618,0.203,0.179,105.0
random,0.01,66,0.556,0.311,0.133,69.0
random,0.01,67,0.552,0.323,0.125,88.0
random,0.01,68,0.635,0.204,0.161,109.0
random,0.01,69,0.468,0.433,0.099,49.0
random,0.01,70,0.536,0.301,0.163,80.0
random,0.01,71,0.674,0.21,0.116,97.0
random,0.01,72,0.621,0.232,0.147,108.0
random,0.01,73,0.504,0.389,0.107,61.0
random,0.01,74,0.441,0.351,0.208,53.0
random,0.01,75,0.467,0.249,0.284,96.0
random,0.01,76,0.536,0.368,0.096,67.0
random,0.01,77,0.441,0.437,0.122,48.0
random,0.01,78,0.625,0.205,0.17,88.0
random,0.01,79,0.592,0.303,0.105,84.0
random,0.01,80,0.549,0.276,0.175,70.0
random,0.01,81,0.451,0.307,0.242,57.0
random,0.01,82,0.667,0.17,0.163,101.0
random,0.01,83,0.599,0.207,0.194,89.0
random,0.01,84,0.679,0.157,0.164,104.0
random,0.01,85,0.691,0.148,0.161,127.0
random,0.01,86,0.735,0.119,0.146,107.0
random,0.01,87,0.674,0.177,0.149,96.0
random,0.01,88,0.431,0.386,0.183,53.0
random,0.01,89,0.585,0.313,0.102,68.0
random,0.01,90,0.431,0.312,0.257,43.0
random,0.01,91,0.515,0.355,0.13,66.0
random,0.01,92,0.435,0.319,0.246,55.0
random,0.01,93,0.696,0.176,0.128,115.0
random,0.01,94,0.666,0.192,0.142,107.0
random,0.01,95,0.776,0.12,0.104,103.0
random,0.01,96,0.65,0.213,0.137,98.0
random,0.01,97,0.444,0.333,0.223,54.0
random,0.01,98,0.455,0.292,0.253,69.0
random,0.01,99,0.708,0.198,0.094,87.0
random,0.01,100,0.445,0.355,0.2,65.0
random,0.01,101,0.552,0.249,0.199,96.0
random,0.01,102,0.464,0.419,0.117,49.0
random,0.01,103,0.479,0.332,0.189,60.0
random,0.01,104,0.578,0.261,0.161,76.0
random,0.01,105,0.46,0.375,0.165,27.0
random,0.01,106,0.455,0.431,0.114,49.0
random,0.01,107,0.6,0.272,0.128,82.0
random,0.01,108,0.632,0.185,0.183,68.0
random,0.01,109,0.567,0.311,0.122,86.0
random,0.01,110,0.416,0.34,0.244,54.0
random,0.01,111,0.595,0.309,0.096,91.0
random,0.01,112,0.4,0.411,0.189,17.0
random,0.01,113,0.609,0.24,0.151,103.0
random,0.01,114,0.418,0.369,0.213,44.0
random,0.01,115,0.62,0.229,0.151,102.0
random,0.01,116,0.424,0.311,0.265,25.0
random,0.01,117,0.521,0.315,0.164,90.0
random,0.01,118,0.457,0.28,0.263,68.0
random,0.01,119,0.447,0.315,0.238,61.0
random,0.01,120,0.65,0.181,0.169,89.0
random,0.01,121,0.357,0.34,0.303,22.0
random,0.01,122,0.38,0.348,0.272,37.0
random,0.01,123,0.675,0.147,0.178,93.0
random,0.01,124,0.445,0.42,0.135,65.0
random,0.01,125,0.475,0.382,0.143,42.0
random,0.01,126,0.518,0.28,0.202,89.0
random,0.01,127,0.641,0.215,0.144,99.0
random,0.01,128,0.458,0.361,0.181,50.0
random,0.01,129,0.656,0.221,0.123,85.0
random,0.01,130,0.4,0.342,0.258,22.0
random,0.01,131,0.505,0.395,0.1,47.0
random,0.01,132,0.536,0.326,0.138,76.0
random,0.01,133,0.422,0.48,0.098,55.0
random,0.01,134,0.439,0.306,0.255,69.0
random,0.01,135,0.389,0.408,0.203,32.0
random,0.01,136,0.428,0.348,0.224,55.0
random,0.01,137,0.47,0.346,0.184,53.0
random,0.01,138,0.695,0.181,0.124,102.0
random,0.01,139,0.394,0.381,0.225,36.0
random,0.01,140,0.687,0.183,0.13,105.0
random,0.01,141,0.576,0.337,0.087,61.0
random,0.01,142,0.633,0.249,0.118,98.0
random,0.01,143,0.45,0.385,0.165,83.0
random,0.01,144,0.696,0.154,0.15,90.0
random,0.01,145,0.364,0.354,0.282,8.0
random,0.01,146,0.502,0.263,0.235,80.0
random,0.01,147,0.578,0.25,0.172,113.0
random,0.01,148,0.626,0.219,0.155,100.0
random,0.01,149,0.415,0.394,0.191,41.0
random,0.01,150,0.43,0.341,0.229,40.0
random,0.01,151,0.389,0.278,0.333,31.0
random,0.01,152,0.567,0.268,0.165,85.0
random,0.01,153,0.568,0.211,0.221,97.0
random,0.01,154,0.493,0.408,0.099,46.0
random,0.01,155,0.367,0.327,0.306,1.0
random,0.01,156,0.506,0.249,0.245,63.0
random,0.01,157,0.583,0.198,0.219,99.0
random,0.01,158,0.43,0.39,0.18,39.0
random,0.01,159,0.512,0.358,0.13,78.0
random,0.01,160,0.547,0.297,0.156,79.0
random,0.01,161,0.354,0.382,0.264,17.0
random,0.01,162,0.576,0.23,0.194,96.0
random,0.01,163,0.73,0.163,0.107,93.0
random,0.01,164,0.579,0.289,0.132,70.0
random,0.01,165,0.666,0.181,0.153,104.0
random,0.01,166,0.387,0.293,0.32,15.0
random,0.01,167,0.537,0.29,0.173,105.0
random,0.01,168,0.485,0.316,0.199,81.0
random,0.01,169,0.631,0.221,0.148,99.0
random,0.01,170,0.707,0.16,0.133,91.0
random,0.01,171,0.506,0.311,0.183,74.0
random,0.01,172,0.527,0.298,0.175,86.0
random,0.01,173,0.708,0.146,0.146,112.0
random,0.01,174,0.666,0.215,0.119,99.0
random,0.01,175,0.679,0.22,0.101,84.0
random,0.01,176,0.677,0.158,0.165,84.0
random,0.01,177,0.536,0.246,0.218,75.0
random,0.01,178,0.438,0.386,0.176,40.0
random,0.01,179,0.711,0.145,0.144,96.0
random,0.01,180,0.597,0.268,0.135,70.0
random,0.01,181,0.409,0.376,0.215,38.0
random,0.01,182,0.406,0.338,0.256,30.0
random,0.01,183,0.374,0.422,0.204,39.0
random,0.01,184,0.323,0.424,0.253,66.0
random,0.01,185,0.643,0.252,0.105,99.0
random,0.01,186,0.54,0.309,0.151,75.0
random,0.01,187,0.473,0.277,0.25,54.0
random,0.01,188,0.408,0.434,0.158,37.0
random,0.01,189,0.486,0.354,0.16,38.0
random,0.01,190,0.659,0.202,0.139,114.0
random,0.01,191,0.584,0.242,0.174,85.0
random,0.01,192,0.474,0.271,0.255,59.0
random,0.01,193,0.621,0.288,0.091,78.0
random,0.01,194,0.469,0.359,0.172,54.0
random,0.01,195,0.51,0.284,0.206,70.0
random,0.01,196,0.43,0.375,0.195,61.0
random,0.01,197,0.55,0.25,0.2,69.0
random,0.01,198,0.683,0.16,0.157,97.0
random,0.01,199,0.504,0.363,0.133,41.0
random,0.01,200,0.572,0.233,0.195,85.0
random,0.01,201,0.577,0.245,0.178,82.0
random,0.01,202,0.474,0.424,0.102,36.0
random,0.01,203,0.459,0.28,0.261,59.0
random,0.01,204,0.45,0.301,0.249,54.0
random,0.01,205,0.635,0.236,0.129,86.0
random,0.01,206,0.645,0.188,0.167,114.0
random,0.01,207,0.585,0.307,0.108,64.0
random,0.01,208,0.56,0.3,0.14,70.0
random,0.01,209,0.445,0.342,0.213,48.0
random,0.01,210,0.546,0.312,0.142,76.0
random,0.01,211,0.61,0.264,0.126,81.0
random,0.01,212,0.39,0.46,0.15,30.0
random,0.01,213,0.556,0.26,0.184,107.0
random,0.01,214,0.502,0.3,0.198,59.0
random,0.01,215,0.441,0.451,0.108,34.0
random,0.01,216,0.625,0.238,0.137,65.0
random,0.01,217,0.38,0.432,0.188,45.0
random,0.01,218,0.633,0.231,0.136,94.0
random,0.01,219,0.39,0.33,0.28,21.0
random,0.01,220,0.619,0.209,0.172,106.0
random,0.01,221,0.579,0.217,0.204,93.0
random,0.01,222,0.441,0.434,0.125,46.0
random,0.01,223,0.446,0.332,0.222,46.0
random,0.01,224,0.55,0.269,0.181,74.0
random,0.01,225,0.747,0.134,0.119,77.0
random,0.01,226,0.66,0.224,0.116,99.0
random,0.01,227,0.468,0.269,0.263,60.0
random,0.01,228,0.402,0.403,0.195,55.0
random,0.01,229,0.724,0.159,0.117,99.0
random,0.01,230,0.44,0.373,0.187,20.0
random,0.01,231,0.6,0.237,0.163,89.0
random,0.01,232,0.668,0.202,0.13,88.0
random,0.01,233,0.595,0.223,0.182,81.0
random,0.01,234,0.643,0.207,0.15,101.0
random,0.01,235,0.59,0.258,0.152,78.0
random,0.01,236,0.69,0.183,0.127,104.0
random,0.01,237,0.554,0.26,0.186,102.0
random,0.01,238,0.523,0.256,0.221,71.0
random,0.01,239,0.66,0.169,0.171,88.0
random,0.01,240,0.672,0.221,0.107,97.0
random,0.01,241,0.527,0.291,0.182,80.0
random,0.01,242,0.576,0.263,0.161,84.0
random,0.01,243,0.619,0.228,0.153,96.0
random,0.01,244,0.495,0.37,0.135,61.0
random,0.01,245,0.44,0.313,0.247,54.0
random,0.01,246,0.762,0.135,0.103,97.0
random,0.01,247,0.682,0.211,0.107,105.0
random,0.01,248,0.671,0.187,0.142,103.0
random,0.01,249,0.642,0.225,0.133,112.0
random,0.01,250,0.464,0.39,0.146,61.0
random,0.01,251,0.614,0.295,0.091,91.0
random,0.01,252,0.494,0.242,0.264,57.0
random,0.01,253,0.577,0.232,0.191,72.0
random,0.01,254,0.537,0.227,0.236,84.0
random,0.01,255,0.717,0.151,0.132,99.0
random,0.01,256,0.448,0.322,0.23,35.0
random,0.01,257,0.75,0.117,0.133,103.0
random,0.01,258,0.767,0.128,0.105,94.0
random,0.01,259,0.482,0.427,0.091,40.0
random,0.01,260,0.322,0.349,0.329,10.0
random,0.01,261,0.432,0.35,0.218,44.0
random,0.01,262,0.416,0.393,0.191,47.0
random,0.01,263,0.672,0.195,0.133,112.0
random,0.01,264,0.529,0.278,0.193,84.0
random,0.01,265,0.495,0.379,0.126,65.0
random,0.01,266,0.593,0.312,0.095,87.0
random,0.01,267,0.584,0.27,0.146,90.0
random,0.01,268,0.379,0.4,0.221,27.0
random,0.01,269,0.537,0.335,0.128,80.0
random,0.01,270,0.585,0.215,0.2,92.0
random,0.01,271,0.501,0.322,0.177,35.0
random,0.01,272,0.449,0.434,0.117,43.0
random,0.01,273,0.493,0.348,0.159,81.0
random,0.01,274,0.418,0.346,0.236,36.0
random,0.01,275,0.405,0.326,0.269,40.0
random,0.01,276,0.529,0.307,0.164,71.0
random,0.01,277,0.595,0.186,0.219,76.0
random,0.01,278,0.521,0.295,0.184,63.0
random,0.01,279,0.436,0.404,0.16,28.0
random,0.01,280,0.558,0.251,0.191,75.0
random,0.01,281,0.625,0.229,0.146,100.0
random,0.01,282,0.75,0.142,0.108,120.0
random,0.01,283,0.541,0.33,0.129,85.0
random,0.01,284,0.494,0.298,0.208,50.0
random,0.01,285,0.444,0.429,0.127,72.0
random,0.01,286,0.715,0.166,0.119,97.0
random,0.01,287,0.509,0.338,0.153,70.0
random,0.01,288,0.697,0.2,0.103,108.0
random,0.01,289,0.391,0.388,0.221,40.0
random,0.01,290,0.52,0.378,0.102,48.0
random,0.01,291,0.745,0.139,0.116,99.0
random,0.01,292,0.468,0.414,0.118,50.0
random,0.01,293,0.712,0.143,0.145,114.0
random,0.01,294,0.445,0.356,0.199,58.0
random,0.01,295,0.447,0.363,0.19,63.0
random,0.01,296,0.735,0.143,0.122,103.0
random,0.01,297,0.529,0.331,0.14,95.0
random,0.01,298,0.577,0.304,0.119,69.0
random,0.01,299,0.516,0.347,0.137,42.0
random,0.01,300,0.585,0.261,0.154,113.0
random,0.01,301,0.514,0.371,0.115,77.0
random,0.01,302,0.635,0.208,0.157,99.0
random,0.01,303,0.494,0.376,0.13,79.0
random,0.01,304,0.484,0.32,0.196,57.0
random,0.01,305,0.669,0.165,0.166,88.0
random,0.01,306,0.367,0.33,0.303,40.0
random,0.01,307,0.441,0.443,0.116,55.0
random,0.01,308,0.445,0.342,0.213,40.0
random,0.01,309,0.405,0.455,0.14,66.0
random,0.01,310,0.494,0.304,0.202,75.0
random,0.01,311,0.583,0.236,0.181,85.0
random,0.01,312,0.558,0.228,0.214,97.0
random,0.01,313,0.443,0.339,0.218,34.0
random,0.01,314,0.521,0.215,0.264,57.0
random,0.01,315,0.41,0.298,0.292,49.0
random,0.01,316,0.554,0.27,0.176,79.0
random,0.01,317,0.51,0.286,0.204,73.0
random,0.01,318,0.433,0.454,0.113,57.0
random,0.01,319,0.635,0.186,0.179,92.0
random,0.01,320,0.561,0.33,0.109,60.0
random,0.01,321,0.416,0.268,0.316,44.0
random,0.01,322,0.468,0.28,0.252,41.0
random,0.01,323,0.552,0.277,0.171,87.0
random,0.01,324,0.41,0.341,0.249,40.0
random,0.01,325,0.553,0.256,0.191,85.0
random,0.01,326,0.471,0.252,0.277,67.0
random,0.01,327,0.475,0.364,0.161,56.0
random,0.01,328,0.521,0.27,0.209,76.0
random,0.01,329,0.394,0.335,0.271,32.0
random,0.01,330,0.466,0.289,0.245,45.0
random,0.01,331,0.611,0.205,0.184,80.0
random,0.01,332,0.51,0.279,0.211,71.0
random,0.01,333,0.641,0.252,0.107,97.0
random,0.01,334,0.459,0.416,0.125,65.0
random,0.01,335,0.593,0.217,0.19,84.0
random,0.01,336,0.705,0.17,0.125,104.0
random,0.01,337,0.563,0.252,0.185,68.0
random,0.01,338,0.426,0.498,0.076,42.0
random,0.01,339,0.606,0.195,0.199,91.0
random,0.01,340,0.589,0.229,0.182,93.0
random,0.01,341,0.517,0.287,0.196,84.0
random,0.01,342,0.511,0.227,0.262,74.0
random,0.01,343,0.607,0.195,0.198,89.0
random,0.01,344,0.364,0.35,0.286,39.0
random,0.01,345,0.612,0.186,0.202,106.0
random,0.01,346,0.579,0.282,0.139,77.0
random,0.01,347,0.573,0.247,0.18,83.0
random,0.01,348,0.474,0.234,0.292,80.0
random,0.01,349,0.613,0.239,0.148,85.0
random,0.01,350,0.355,0.35,0.295,-14.0
random,0.01,351,0.631,0.253,0.116,89.0
random,0.01,352,0.377,0.402,0.221,24.0
random,0.01,353,0.455,0.292,0.253,68.0
random,0.01,354,0.562,0.336,0.102,57.0
random,0.01,355,0.468,0.324,0.208,55.0
random,0.01,356,0.626,0.204,0.17,105.0
random,0.01,357,0.488,0.404,0.108,65.0
random,0.01,358,0.663,0.198,0.139,82.0
random,0.01,359,0.435,0.332,0.233,88.0
random,0.01,360,0.443,0.289,0.268,60.0
random,0.01,361,0.661,0.213,0.126,81.0
random,0.01,362,0.389,0.361,0.25,41.0
random,0.01,363,0.626,0.224,0.15,99.0
random,0.01,364,0.444,0.409,0.147,49.0
random,0.01,365,0.399,0.376,0.225,36.0
random,0.01,366,0.602,0.269,0.129,94.0
random,0.01,367,0.448,0.279,0.273,53.0
random,0.01,368,0.543,0.243,0.214,74.0
random,0.01,369,0.584,0.31,0.106,94.0
random,0.01,370,0.678,0.229,0.093,111.0
random,0.01,371,0.631,0.217,0.152,95.0
random,0.01,372,0.635,0.253,0.112,99.0
random,0.01,373,0.513,0.296,0.191,94.0
random,0.01,374,0.467,0.259,0.274,79.0
random,0.01,375,0.38,0.359,0.261,19.0
random,0.01,376,0.611,0.167,0.222,79.0
random,0.01,377,0.467,0.373,0.16,72.0
random,0.01,378,0.47,0.302,0.228,77.0
random,0.01,379,0.431,0.368,0.201,66.0
random,0.01,380,0.554,0.286,0.16,87.0
random,0.01,381,0.325,0.4,0.275,30.0
random,0.01,382,0.445,0.339,0.216,65.0
random,0.01,383,0.662,0.216,0.122,103.0
random,0.01,384,0.38,0.387,0.233,3.0
random,0.01,385,0.437,0.283,0.28,66.0
random,0.01,386,0.402,0.4,0.198,38.0
random,0.01,387,0.585,0.29,0.125,78.0
random,0.01,388,0.538,0.262,0.2,77.0
random,0.01,389,0.583,0.285,0.132,81.0
random,0.01,390,0.44,0.411,0.149,45.0
random,0.01,391,0.452,0.308,0.24,21.0
random,0.01,392,0.532,0.293,0.175,86.0
random,0.01,393,0.466,0.254,0.28,57.0
random,0.01,394,0.47,0.302,0.228,42.0
random,0.01,395,0.533,0.376,0.091,69.0
random,0.01,396,0.601,0.25,0.149,97.0
random,0.01,397,0.603,0.24,0.157,84.0
random,0.01,398,0.519,0.339,0.142,86.0
random,0.01,399,0.679,0.214,0.107,110.0
random,0.01,400,0.425,0.379,0.196,39.0
random,0.01,401,0.47,0.429,0.101,32.0
random,0.01,402,0.455,0.461,0.084,58.0
random,0.01,403,0.419,0.387,0.194,39.0
random,0.01,404,0.735,0.137,0.128,83.0
random,0.01,405,0.525,0.386,0.089,58.0
random,0.01,406,0.526,0.221,0.253,60.0
random,0.01,407,0.54,0.243,0.217,80.0
random,0.01,408,0.738,0.131,0.131,110.0
random,0.01,409,0.701,0.166,0.133,115.0
random,0.01,410,0.645,0.201,0.154,101.0
random,0.01,411,0.687,0.207,0.106,93.0
random,0.01,412,0.757,0.119,0.124,107.0
random,0.01,413,0.533,0.325,0.142,61.0
random,0.01,414,0.424,0.337,0.239,38.0
random,0.01,415,0.45,0.335,0.215,72.0
random,0.01,416,0.449,0.391,0.16,62.0
random,0.01,417,0.466,0.38,0.154,49.0
random,0.01,418,0.701,0.159,0.14,102.0
random,0.01,419,0.634,0.187,0.179,97.0
random,0.01,420,0.62,0.182,0.198,96.0
random,0.01,421,0.606,0.254,0.14,96.0
random,0.01,422,0.428,0.329,0.243,39.0
random,0.01,423,0.676,0.201,0.123,96.0
random,0.01,424,0.638,0.229,0.133,104.0
random,0.01,425,0.481,0.293,0.226,44.0
random,0.01,426,0.628,0.208,0.164,68.0
random,0.01,427,0.494,0.391,0.115,57.0
random,0.01,428,0.644,0.23,0.126,86.0
random,0.01,429,0.506,0.266,0.228,78.0
random,0.01,430,0.425,0.326,0.249,43.0
random,0.01,431,0.736,0.163,0.101,103.0
random,0.01,432,0.449,0.364,0.187,40.0
random,0.01,433,0.648,0.18,0.172,92.0
random,0.01,434,0.645,0.231,0.124,95.0
random,0.01,435,0.46,0.362,0.178,41.0
random,0.01,436,0.592,0.261,0.147,78.0
random,0.01,437,0.464,0.283,0.253,41.0
random,0.01,438,0.434,0.388,0.178,36.0
random,0.01,439,0.467,0.379,0.154,52.0
random,0.01,440,0.614,0.212,0.174,101.0
random,0.01,441,0.506,0.302,0.192,66.0
random,0.01,442,0.494,0.271,0.235,56.0
random,0.01,443,0.629,0.259,0.112,94.0
random,0.01,444,0.452,0.377,0.171,41.0
random,0.01,445,0.508,0.301,0.191,65.0
random,0.01,446,0.506,0.294,0.2,94.0
random,0.01,447,0.588,0.242,0.17,101.0
random,0.01,448,0.632,0.2,0.168,91.0
random,0.01,449,0.443,0.351,0.206,44.0
random,0.01,450,0.535,0.284,0.181,67.0
random,0.01,451,0.458,0.306,0.236,45.0
random,0.01,452,0.527,0.263,0.21,77.0
random,0.01,453,0.507,0.385,0.108,78.0
random,0.01,454,0.75,0.14,0.11,98.0
random,0.01,455,0.76,0.12,0.12,113.0
random,0.01,456,0.603,0.245,0.152,80.0
random,0.01,457,0.584,0.306,0.11,93.0
random,0.01,458,0.483,0.297,0.22,63.0
random,0.01,459,0.521,0.273,0.206,81.0
random,0.01,460,0.479,0.397,0.124,36.0
random,0.01,461,0.377,0.268,0.355,14.0
random,0.01,462,0.679,0.168,0.153,103.0
random,0.01,463,0.7,0.155,0.145,107.0
random,0.01,464,0.526,0.257,0.217,79.0
random,0.01,465,0.44,0.341,0.219,35.0
random,0.01,466,0.572,0.299,0.129,75.0
random,0.01,467,0.729,0.136,0.135,102.0
random,0.01,468,0.582,0.221,0.197,98.0
random,0.01,469,0.424,0.412,0.164,42.0
random,0.01,470,0.592,0.213,0.195,79.0
random,0.01,471,0.474,0.359,0.167,59.0
random,0.01,472,0.669,0.168,0.163,103.0
random,0.01,473,0.41,0.378,0.212,24.0
random,0.01,474,0.486,0.233,0.281,62.0
random,0.01,475,0.517,0.287,0.196,92.0
random,0.01,476,0.515,0.294,0.191,66.0
random,0.01,477,0.428,0.397,0.175,56.0
random,0.01,478,0.606,0.264,0.13,88.0
random,0.01,479,0.453,0.303,0.244,59.0
random,0.01,480,0.441,0.308,0.251,23.0
random,0.01,481,0.393,0.342,0.265,35.0
random,0.01,482,0.521,0.266,0.213,56.0
random,0.01,483,0.583,0.229,0.188,105.0
random,0.01,484,0.594,0.25,0.156,83.0
random,0.01,485,0.519,0.351,0.13,80.0
random,0.01,486,0.61,0.25,0.14,95.0
random,0.01,487,0.582,0.247,0.171,94.0
random,0.01,488,0.724,0.137,0.139,98.0
random,0.01,489,0.469,0.301,0.23,65.0
random,0.01,490,0.493,0.259,0.248,61.0
random,0.01,491,0.629,0.226,0.145,104.0
random,0.01,492,0.523,0.351,0.126,61.0
random,0.01,493,0.557,0.341,0.102,74.0
random,0.01,494,0.704,0.144,0.152,95.0
random,0.01,495,0.663,0.231,0.106,89.0
random,0.01,496,0.505,0.304,0.191,73.0
random,0.01,497,0.599,0.218,0.183,91.0
random,0.01,498,0.504,0.296,0.2,70.0
random,0.01,499,0.742,0.125,0.133,114.0
random,0.01,500,0.509,0.395,0.096,39.0
random,0.01,501,0.679,0.207,0.114,79.0
random,0.01,502,0.415,0.356,0.229,61.0
random,0.01,503,0.452,0.386,0.162,50.0
random,0.01,504,0.59,0.299,0.111,94.0
random,0.01,505,0.603,0.248,0.149,81.0
random,0.01,506,0.395,0.306,0.299,24.0
random,0.01,507,0.62,0.234,0.146,110.0
random,0.01,508,0.387,0.332,0.281,29.0
random,0.01,509,0.41,0.479,0.111,21.0
random,0.01,510,0.509,0.362,0.129,67.0
random,0.01,511,0.647,0.18,0.173,91.0
random,0.01,512,0.525,0.346,0.129,57.0
random,0.01,513,0.437,0.376,0.187,29.0
random,0.01,514,0.617,0.264,0.119,101.0
random,0.01,515,0.606,0.296,0.098,64.0
random,0.01,516,0.446,0.372,0.182,46.0
random,0.01,517,0.439,0.3,0.261,53.0
random,0.01,518,0.63,0.259,0.111,86.0
random,0.01,519,0.459,0.344,0.197,55.0
random,0.01,520,0.342,0.381,0.277,23.0
random,0.01,521,0.514,0.37,0.116,59.0
random,0.01,522,0.668,0.218,0.114,91.0
random,0.01,523,0.631,0.211,0.158,76.0
random,0.01,524,0.501,0.229,0.27,90.0
random,0.01,525,0.641,0.221,0.138,107.0
random,0.01,526,0.476,0.362,0.162,60.0
random,0.01,527,0.495,0.388,0.117,53.0
random,0.01,528,0.429,0.337,0.234,51.0
random,0.01,529,0.573,0.319,0.108,118.0
random,0.01,530,0.5,0.361,0.139,72.0
random,0.01,531,0.611,0.212,0.177,95.0
random,0.01,532,0.669,0.202,0.129,111.0
random,0.01,533,0.326,0.498,0.176,66.0
random,0.01,534,0.437,0.301,0.262,37.0
random,0.01,535,0.384,0.459,0.157,44.0
random,0.01,536,0.632,0.231,0.137,98.0
random,0.01,537,0.69,0.203,0.107,112.0
random,0.01,538,0.572,0.262,0.166,81.0
random,0.01,539,0.603,0.289,0.108,87.0
random,0.01,540,0.537,0.317,0.146,50.0
random,0.01,541,0.625,0.179,0.196,93.0
random,0.01,542,0.567,0.263,0.17,98.0
random,0.01,543,0.543,0.328,0.129,78.0
random,0.01,544,0.446,0.313,0.241,53.0
random,0.01,545,0.509,0.4,0.091,35.0
random,0.01,546,0.454,0.289,0.257,58.0
random,0.01,547,0.481,0.316,0.203,71.0
random,0.01,548,0.725,0.152,0.123,113.0
random,0.01,549,0.529,0.299,0.172,95.0
random,0.01,550,0.434,0.392,0.174,49.0
random,0.01,551,0.614,0.282,0.104,96.0
random,0.01,552,0.433,0.304,0.263,48.0
random,0.01,553,0.62,0.203,0.177,100.0
random,0.01,554,0.519,0.247,0.234,83.0
random,0.01,555,0.369,0.324,0.307,26.0
random,0.01,556,0.57,0.26,0.17,68.0
random,0.01,557,0.512,0.272,0.216,80.0
random,0.01,558,0.394,0.413,0.193,61.0
random,0.01,559,0.509,0.397,0.094,50.0
random,0.01,560,0.585,0.293,0.122,84.0
random,0.01,561,0.414,0.342,0.244,48.0
random,0.01,562,0.636,0.218,0.146,101.0
random,0.01,563,0.455,0.277,0.268,68.0
random,0.01,564,0.53,0.298,0.172,100.0
random,0.01,565,0.672,0.199,0.129,106.0
random,0.01,566,0.701,0.149,0.15,111.0
random,0.01,567,0.521,0.314,0.165,82.0
random,0.01,568,0.627,0.224,0.149,96.0
random,0.01,569,0.526,0.258,0.216,99.0
random,0.01,570,0.513,0.29,0.197,68.0
random,0.01,571,0.391,0.413,0.196,36.0
random,0.01,572,0.454,0.402,0.144,65.0
random,0.01,573,0.494,0.307,0.199,51.0
random,0.01,574,0.671,0.188,0.141,105.0
random,0.01,575,0.437,0.397,0.166,66.0
random,0.01,576,0.52,0.342,0.138,53.0
random,0.01,577,0.313,0.343,0.344,-9.0
random,0.01,578,0.349,0.338,0.313,13.0
random,0.01,579,0.529,0.315,0.156,80.0
random,0.01,580,0.504,0.413,0.083,53.0
random,0.01,581,0.384,0.331,0.285,43.0
random,0.01,582,0.621,0.219,0.16,92.0
random,0.01,583,0.661,0.193,0.146,101.0
random,0.01,584,0.426,0.338,0.236,44.0
random,0.01,585,0.372,0.351,0.277,21.0
random,0.01,586,0.435,0.413,0.152,48.0
random,0.01,587,0.441,0.396,0.163,53.0
random,0.01,588,0.632,0.197,0.171,113.0
random,0.01,589,0.491,0.341,0.168,82.0
random,0.01,590,0.473,0.253,0.274,97.0
random,0.01,591,0.406,0.378,0.216,38.0
random,0.01,592,0.597,0.219,0.184,88.0
random,0.01,593,0.475,0.284,0.241,52.0
random,0.01,594,0.711,0.187,0.102,92.0
random,0.01,595,0.741,0.146,0.113,96.0
random,0.01,596,0.486,0.314,0.2,66.0
random,0.01,597,0.542,0.237,0.221,107.0
random,0.01,598,0.444,0.312,0.244,64.0
random,0.01,599,0.486,0.319,0.195,67.0
random,0.01,600,0.581,0.307,0.112,82.0
random,0.01,601,0.718,0.164,0.118,97.0
random,0.01,602,0.689,0.201,0.11,92.0
random,0.01,603,0.536,0.275,0.189,99.0
random,0.01,604,0.644,0.265,0.091,91.0
random,0.01,605,0.626,0.217,0.157,104.0
random,0.01,606,0.44,0.447,0.113,44.0
random,0.01,607,0.68,0.203,0.117,100.0
random,0.01,608,0.616,0.2,0.184,109.0
random,0.01,609,0.564,0.288,0.148,88.0
random,0.01,610,0.727,0.139,0.134,85.0
random,0.01,611,0.462,0.369,0.169,38.0
random,0.01,612,0.57,0.233,0.197,95.0
random,0.01,613,0.441,0.327,0.232,74.0
random,0.01,614,0.461,0.28,0.259,48.0
random,0.01,615,0.554,0.284,0.162,58.0
random,0.01,616,0.487,0.321,0.192,54.0
random,0.01,617,0.589,0.235,0.176,84.0
random,0.01,618,0.457,0.324,0.219,49.0
random,0.01,619,0.663,0.161,0.176,90.0
random,0.01,620,0.662,0.178,0.16,104.0
random,0.01,621,0.552,0.307,0.141,55.0
random,0.01,622,0.552,0.307,0.141,92.0
random,0.01,623,0.527,0.216,0.257,68.0
random,0.01,624,0.678,0.175,0.147,96.0
random,0.01,625,0.612,0.228,0.16,95.0
random,0.01,626,0.725,0.139,0.136,111.0
random,0.01,627,0.652,0.214,0.134,99.0
random,0.01,628,0.667,0.212,0.121,87.0
random,0.01,629,0.567,0.293,0.14,81.0
random,0.01,630,0.31,0.372,0.318,11.0
random,0.01,631,0.649,0.183,0.168,96.0
random,0.01,632,0.499,0.375,0.126,81.0
random,0.01,633,0.506,0.334,0.16,57.0
random,0.01,634,0.592,0.267,0.141,74.0
random,0.01,635,0.549,0.28,0.171,79.0
random,0.01,636,0.476,0.284,0.24,58.0
random,0.01,637,0.625,0.272,0.103,95.0
random,0.01,638,0.671,0.202,0.127,116.0
random,0.01,639,0.667,0.217,0.116,104.0
random,0.01,640,0.419,0.361,0.22,50.0
random,0.01,641,0.396,0.39,0.214,41.0
random,0.01,642,0.579,0.329,0.092,78.0
random,0.01,643,0.565,0.279,0.156,70.0
random,0.01,644,0.555,0.338,0.107,67.0
random,0.01,645,0.543,0.299,0.158,51.0
random,0.01,646,0.42,0.324,0.256,32.0
random,0.01,647,0.424,0.414,0.162,34.0
random,0.01,648,0.585,0.227,0.188,89.0
random,0.01,649,0.613,0.206,0.181,70.0
random,0.01,650,0.574,0.248,0.178,57.0
random,0.01,651,0.43,0.354,0.216,53.0
random,0.01,652,0.655,0.189,0.156,100.0
random,0.01,653,0.411,0.348,0.241,26.0
random,0.01,654,0.498,0.272,0.23,71.0
random,0.01,655,0.423,0.369,0.208,23.0
random,0.01,656,0.652,0.205,0.143,90.0
random,0.01,657,0.634,0.275,0.091,77.0
random,0.01,658,0.485,0.312,0.203,63.0
random,0.01,659,0.419,0.343,0.238,43.0
random,0.01,660,0.526,0.387,0.087,73.0
random,0.01,661,0.624,0.238,0.138,103.0
random,0.01,662,0.598,0.243,0.159,96.0
random,0.01,663,0.64,0.18,0.18,103.0
random,0.01,664,0.528,0.349,0.123,93.0
random,0.01,665,0.487,0.35,0.163,65.0
random,0.01,666,0.561,0.283,0.156,74.0
random,0.01,667,0.458,0.335,0.207,67.0
random,0.01,668,0.479,0.246,0.275,49.0
random,0.01,669,0.667,0.201,0.132,88.0
random,0.01,670,0.68,0.193,0.127,104.0
random,0.01,671,0.364,0.324,0.312,27.0
random,0.01,672,0.468,0.29,0.242,68.0
random,0.01,673,0.449,0.336,0.215,63.0
random,0.01,674,0.444,0.413,0.143,65.0
random,0.01,675,0.448,0.334,0.218,57.0
random,0.01,676,0.516,0.326,0.158,72.0
random,0.01,677,0.403,0.349,0.248,42.0
random,0.01,678,0.599,0.223,0.178,66.0
random,0.01,679,0.492,0.28,0.228,65.0
random,0.01,680,0.423,0.404,0.173,22.0
random,0.01,681,0.539,0.282,0.179,64.0
random,0.01,682,0.613,0.207,0.18,96.0
random,0.01,683,0.738,0.122,0.14,103.0
random,0.01,684,0.524,0.361,0.115,77.0
random,0.01,685,0.472,0.388,0.14,68.0
random,0.01,686,0.51,0.317,0.173,77.0
random,0.01,687,0.695,0.145,0.16,109.0
random,0.01,688,0.495,0.332,0.173,58.0
random,0.01,689,0.625,0.209,0.166,116.0
random,0.01,690,0.558,0.241,0.201,97.0
random,0.01,691,0.448,0.311,0.241,48.0
random,0.01,692,0.537,0.26,0.203,65.0
random,0.01,693,0.72,0.168,0.112,109.0
random,0.01,694,0.346,0.312,0.342,30.0
random,0.01,695,0.611,0.177,0.212,88.0
random,0.01,696,0.503,0.245,0.252,116.0
random,0.01,697,0.621,0.253,0.126,72.0
random,0.01,698,0.597,0.212,0.191,72.0
random,0.01,699,0.561,0.232,0.207,89.0
random,0.01,700,0.721,0.144,0.135,102.0
random,0.01,701,0.751,0.112,0.137,96.0
random,0.01,702,0.44,0.344,0.216,45.0
random,0.01,703,0.532,0.284,0.184,82.0
random,0.01,704,0.53,0.35,0.12,65.0
random,0.01,705,0.38,0.397,0.223,31.0
random,0.01,706,0.53,0.325,0.145,88.0
random,0.01,707,0.543,0.311,0.146,62.0
random,0.01,708,0.45,0.392,0.158,44.0
random,0.01,709,0.432,0.391,0.177,62.0
random,0.01,710,0.625,0.2,0.175,111.0
random,0.01,711,0.567,0.294,0.139,93.0
random,0.01,712,0.529,0.304,0.167,75.0
random,0.01,713,0.466,0.301,0.233,53.0
random,0.01,714,0.391,0.382,0.227,55.0
random,0.01,715,0.634,0.233,0.133,88.0
random,0.01,716,0.596,0.256,0.148,74.0
random,0.01,717,0.737,0.133,0.13,101.0
random,0.01,718,0.432,0.384,0.184,57.0
random,0.01,719,0.518,0.263,0.219,92.0
random,0.01,720,0.532,0.349,0.119,78.0
random,0.01,721,0.437,0.358,0.205,66.0
random,0.01,722,0.777,0.114,0.109,110.0
random,0.01,723,0.547,0.304,0.149,78.0
random,0.01,724,0.586,0.262,0.152,100.0
random,0.01,725,0.35,0.429,0.221,25.0
random,0.01,726,0.497,0.315,0.188,83.0
random,0.01,727,0.402,0.375,0.223,47.0
random,0.01,728,0.558,0.247,0.195,94.0
random,0.01,729,0.489,0.326,0.185,74.0
random,0.01,730,0.366,0.351,0.283,41.0
random,0.01,731,0.505,0.36,0.135,57.0
random,0.01,732,0.611,0.293,0.096,69.0
random,0.01,733,0.464,0.347,0.189,50.0
random,0.01,734,0.48,0.281,0.239,59.0
random,0.01,735,0.697,0.139,0.164,90.0
random,0.01,736,0.569,0.221,0.21,93.0
random,0.01,737,0.579,0.226,0.195,98.0
random,0.01,738,0.498,0.317,0.185,67.0
random,0.01,739,0.616,0.27,0.114,90.0
random,0.01,740,0.476,0.377,0.147,60.0
random,0.01,741,0.627,0.194,0.179,81.0
random,0.01,742,0.483,0.398,0.119,62.0
random,0.01,743,0.498,0.301,0.201,59.0
random,0.01,744,0.456,0.393,0.151,74.0
random,0.01,745,0.507,0.361,0.132,49.0
random,0.01,746,0.626,0.25,0.124,87.0
random,0.01,747,0.612,0.289,0.099,103.0
random,0.01,748,0.447,0.318,0.235,54.0
random,0.01,749,0.532,0.377,0.091,64.0
random,0.01,750,0.52,0.282,0.198,50.0
random,0.01,751,0.383,0.355,0.262,41.0
random,0.01,752,0.481,0.395,0.124,39.0
random,0.01,753,0.626,0.188,0.186,96.0
random,0.01,754,0.526,0.229,0.245,60.0
random,0.01,755,0.562,0.258,0.18,124.0
random,0.01,756,0.483,0.334,0.183,43.0
random,0.01,757,0.66,0.212,0.128,81.0
random,0.01,758,0.561,0.211,0.228,84.0
random,0.01,759,0.419,0.348,0.233,44.0
random,0.01,760,0.37,0.387,0.243,32.0
random,0.01,761,0.632,0.216,0.152,96.0
random,0.01,762,0.527,0.307,0.166,81.0
random,0.01,763,0.537,0.303,0.16,56.0
random,0.01,764,0.614,0.244,0.142,86.0
random,0.01,765,0.539,0.239,0.222,89.0
random,0.01,766,0.695,0.165,0.14,103.0
random,0.01,767,0.737,0.147,0.116,104.0
random,0.01,768,0.523,0.245,0.232,96.0
random,0.01,769,0.453,0.351,0.196,38.0
random,0.01,770,0.516,0.32,0.164,63.0
random,0.01,771,0.435,0.341,0.224,78.0
random,0.01,772,0.601,0.225,0.174,82.0
random,0.01,773,0.614,0.237,0.149,96.0
random,0.01,774,0.492,0.307,0.201,46.0
random,0.01,775,0.641,0.198,0.161,117.0
random,0.01,776,0.492,0.426,0.082,72.0
random,0.01,777,0.499,0.304,0.197,72.0
random,0.01,778,0.603,0.22,0.177,100.0
random,0.01,779,0.564,0.247,0.189,90.0
random,0.01,780,0.579,0.276,0.145,98.0
random,0.01,781,0.545,0.281,0.174,70.0
random,0.01,782,0.623,0.234,0.143,83.0
random,0.01,783,0.416,0.355,0.229,37.0
random,0.01,784,0.46,0.303,0.237,69.0
random,0.01,785,0.576,0.326,0.098,82.0
random,0.01,786,0.331,0.481,0.188,37.0
random,0.01,787,0.471,0.335,0.194,55.0
random,0.01,788,0.529,0.294,0.177,82.0
random,0.01,789,0.395,0.31,0.295,61.0
random,0.01,790,0.374,0.374,0.252,15.0
random,0.01,791,0.472,0.327,0.201,46.0
random,0.01,792,0.396,0.412,0.192,44.0
random,0.01,793,0.547,0.336,0.117,70.0
random,0.01,794,0.623,0.259,0.118,88.0
random,0.01,795,0.524,0.28,0.196,79.0
random,0.01,796,0.437,0.358,0.205,42.0
random,0.01,797,0.455,0.298,0.247,51.0
random,0.01,798,0.502,0.265,0.233,84.0
random,0.01,799,0.659,0.213,0.128,91.0
random,0.01,800,0.588,0.29,0.122,66.0
random,0.01,801,0.575,0.249,0.176,98.0
random,0.01,802,0.398,0.349,0.253,15.0
random,0.01,803,0.535,0.22,0.245,76.0
random,0.01,804,0.523,0.264,0.213,46.0
random,0.01,805,0.436,0.374,0.19,38.0
random,0.01,806,0.347,0.315,0.338,-2.0
random,0.01,807,0.508,0.367,0.125,62.0
random,0.01,808,0.671,0.172,0.157,103.0
random,0.01,809,0.462,0.322,0.216,50.0
random,0.01,810,0.398,0.345,0.257,44.0
random,0.01,811,0.544,0.268,0.188,85.0
random,0.01,812,0.57,0.297,0.133,100.0
random,0.01,813,0.675,0.167,0.158,96.0
random,0.01,814,0.524,0.329,0.147,82.0
random,0.01,815,0.473,0.423,0.104,82.0
random,0.01,816,0.643,0.193,0.164,117.0
random,0.01,817,0.447,0.357,0.196,76.0
random,0.01,818,0.499,0.336,0.165,80.0
random,0.01,819,0.647,0.201,0.152,96.0
random,0.01,820,0.462,0.369,0.169,55.0
random,0.01,821,0.682,0.175,0.143,92.0
random,0.01,822,0.721,0.16,0.119,100.0
random,0.01,823,0.537,0.279,0.184,59.0
random,0.01,824,0.457,0.327,0.216,62.0
random,0.01,825,0.377,0.395,0.228,21.0
random,0.01,826,0.663,0.208,0.129,102.0
random,0.01,827,0.382,0.38,0.238,25.0
random,0.01,828,0.405,0.452,0.143,45.0
random,0.01,829,0.484,0.339,0.177,50.0
random,0.01,830,0.548,0.247,0.205,85.0
random,0.01,831,0.57,0.339,0.091,74.0
random,0.01,832,0.68,0.174,0.146,91.0
random,0.01,833,0.586,0.229,0.185,112.0
random,0.01,834,0.591,0.193,0.216,106.0
random,0.01,835,0.723,0.147,0.13,83.0
random,0.01,836,0.505,0.399,0.096,36.0
random,0.01,837,0.505,0.352,0.143,60.0
random,0.01,838,0.483,0.352,0.165,78.0
random,0.01,839,0.644,0.189,0.167,100.0
random,0.01,840,0.469,0.416,0.115,66.0
random,0.01,841,0.495,0.294,0.211,77.0
random,0.01,842,0.539,0.296,0.165,97.0
random,0.01,843,0.435,0.323,0.242,61.0
random,0.01,844,0.499,0.291,0.21,52.0
random,0.01,845,0.618,0.271,0.111,102.0
random,0.01,846,0.526,0.282,0.192,69.0
random,0.01,847,0.507,0.247,0.246,66.0
random,0.01,848,0.395,0.424,0.181,48.0
random,0.01,849,0.62,0.219,0.161,95.0
random,0.01,850,0.541,0.253,0.206,69.0
random,0.01,851,0.586,0.277,0.137,96.0
random,0.01,852,0.598,0.194,0.208,101.0
random,0.01,853,0.528,0.289,0.183,85.0
random,0.01,854,0.402,0.278,0.32,17.0
random,0.01,855,0.454,0.33,0.216,72.0
random,0.01,856,0.39,0.359,0.251,67.0
random,0.01,857,0.443,0.377,0.18,32.0
random,0.01,858,0.64,0.194,0.166,98.0
random,0.01,859,0.416,0.399,0.185,33.0
random,0.01,860,0.528,0.307,0.165,55.0
random,0.01,861,0.572,0.321,0.107,78.0
random,0.01,862,0.677,0.218,0.105,96.0
random,0.01,863,0.669,0.219,0.112,93.0
random,0.01,864,0.49,0.24,0.27,60.0
random,0.01,865,0.331,0.357,0.312,32.0
random,0.01,866,0.474,0.259,0.267,61.0
random,0.01,867,0.412,0.353,0.235,40.0
random,0.01,868,0.737,0.14,0.123,102.0
random,0.01,869,0.485,0.321,0.194,80.0
random,0.01,870,0.45,0.314,0.236,69.0
random,0.01,871,0.416,0.438,0.146,51.0
random,0.01,872,0.71,0.155,0.135,105.0
random,0.01,873,0.437,0.323,0.24,34.0
random,0.01,874,0.456,0.284,0.26,44.0
random,0.01,875,0.56,0.327,0.113,79.0
random,0.01,876,0.608,0.218,0.174,99.0
random,0.01,877,0.665,0.163,0.172,79.0
random,0.01,878,0.402,0.411,0.187,47.0
random,0.01,879,0.442,0.334,0.224,54.0
random,0.01,880,0.628,0.211,0.161,109.0
random,0.01,881,0.686,0.18,0.134,106.0
random,0.01,882,0.544,0.323,0.133,95.0
random,0.01,883,0.393,0.407,0.2,31.0
random,0.01,884,0.545,0.371,0.084,72.0
random,0.01,885,0.598,0.29,0.112,95.0
random,0.01,886,0.37,0.317,0.313,-2.0
random,0.01,887,0.44,0.329,0.231,77.0
random,0.01,888,0.558,0.311,0.131,83.0
random,0.01,889,0.571,0.293,0.136,82.0
random,0.01,890,0.7,0.164,0.136,104.0
random,0.01,891,0.503,0.273,0.224,75.0
random,0.01,892,0.391,0.365,0.244,39.0
random,0.01,893,0.577,0.222,0.201,88.0
random,0.01,894,0.43,0.343,0.227,37.0
random,0.01,895,0.627,0.215,0.158,76.0
random,0.01,896,0.509,0.315,0.176,81.0
random,0.01,897,0.709,0.147,0.144,102.0
random,0.01,898,0.433,0.415,0.152,38.0
random,0.01,899,0.43,0.371,0.199,63.0
random,0.01,900,0.678,0.187,0.135,98.0
random,0.01,901,0.517,0.32,0.163,83.0
random,0.01,902,0.529,0.321,0.15,63.0
random,0.01,903,0.411,0.308,0.281,40.0
random,0.01,904,0.628,0.264,0.108,87.0
random,0.01,905,0.656,0.207,0.137,108.0
random,0.01,906,0.573,0.214,0.213,110.0
random,0.01,907,0.434,0.309,0.257,41.0
random,0.01,908,0.398,0.363,0.239,38.0
random,0.01,909,0.425,0.304,0.271,36.0
random,0.01,910,0.731,0.131,0.138,99.0
random,0.01,911,0.697,0.198,0.105,109.0
random,0.01,912,0.637,0.216,0.147,94.0
random,0.01,913,0.671,0.179,0.15,101.0
random,0.01,914,0.539,0.262,0.199,83.0
random,0.01,915,0.501,0.354,0.145,52.0
random,0.01,916,0.667,0.156,0.177,103.0
random,0.01,917,0.474,0.267,0.259,41.0
random,0.01,918,0.455,0.389,0.156,55.0
random,0.01,919,0.649,0.176,0.175,84.0
random,0.01,920,0.498,0.318,0.184,87.0
random,0.01,921,0.4,0.357,0.243,45.0
random,0.01,922,0.532,0.353,0.115,90.0
random,0.01,923,0.601,0.285,0.114,88.0
random,0.01,924,0.396,0.341,0.263,11.0
random,0.01,925,0.516,0.279,0.205,64.0
random,0.01,926,0.416,0.473,0.111,41.0
random,0.01,927,0.388,0.322,0.29,28.0
random,0.01,928,0.607,0.253,0.14,89.0
random,0.01,929,0.657,0.188,0.155,118.0
random,0.01,930,0.505,0.284,0.211,68.0
random,0.01,931,0.549,0.312,0.139,81.0
random,0.01,932,0.455,0.343,0.202,71.0
random,0.01,933,0.619,0.209,0.172,75.0
random,0.01,934,0.418,0.401,0.181,19.0
random,0.01,935,0.649,0.23,0.121,84.0
random,0.01,936,0.712,0.148,0.14,107.0
random,0.01,937,0.463,0.301,0.236,54.0
random,0.01,938,0.519,0.333,0.148,70.0
random,0.01,939,0.481,0.333,0.186,82.0
random,0.01,940,0.457,0.316,0.227,56.0
random,0.01,941,0.389,0.347,0.264,9.0
random,0.01,942,0.499,0.334,0.167,79.0
random,0.01,943,0.481,0.337,0.182,58.0
random,0.01,944,0.446,0.345,0.209,58.0
random,0.01,945,0.462,0.299,0.239,56.0
random,0.01,946,0.614,0.19,0.196,91.0
random,0.01,947,0.475,0.331,0.194,62.0
random,0.01,948,0.355,0.408,0.237,31.0
random,0.01,949,0.625,0.224,0.151,108.0
random,0.01,950,0.509,0.294,0.197,67.0
random,0.01,951,0.631,0.226,0.143,111.0
random,0.01,952,0.354,0.358,0.288,10.0
random,0.01,953,0.54,0.235,0.225,81.0
random,0.01,954,0.615,0.239,0.146,107.0
random,0.01,955,0.473,0.328,0.199,75.0
random,0.01,956,0.5,0.272,0.228,69.0
random,0.01,957,0.416,0.351,0.233,63.0
random,0.01,958,0.518,0.246,0.236,71.0
random,0.01,959,0.436,0.379,0.185,38.0
random,0.01,960,0.471,0.321,0.208,66.0
random,0.01,961,0.497,0.341,0.162,74.0
random,0.01,962,0.567,0.263,0.17,90.0
random,0.01,963,0.38,0.392,0.228,24.0
random,0.01,964,0.425,0.343,0.232,28.0
random,0.01,965,0.696,0.167,0.137,114.0
random,0.01,966,0.416,0.44,0.144,46.0
random,0.01,967,0.432,0.41,0.158,50.0
random,0.01,968,0.697,0.171,0.132,124.0
random,0.01,969,0.385,0.312,0.303,43.0
random,0.01,970,0.425,0.323,0.252,51.0
random,0.01,971,0.432,0.39,0.178,41.0
random,0.01,972,0.487,0.347,0.166,71.0
random,0.01,973,0.527,0.273,0.2,97.0
random,0.01,974,0.615,0.24,0.145,84.0
random,0.01,975,0.509,0.367,0.124,83.0
random,0.01,976,0.552,0.276,0.172,66.0
random,0.01,977,0.555,0.271,0.174,76.0
random,0.01,978,0.687,0.177,0.136,93.0
random,0.01,979,0.581,0.268,0.151,81.0
random,0.01,980,0.378,0.361,0.261,11.0
random,0.01,981,0.563,0.229,0.208,95.0
random,0.01,982,0.579,0.312,0.109,82.0
random,0.01,983,0.541,0.254,0.205,74.0
random,0.01,984,0.51,0.28,0.21,41.0
random,0.01,985,0.655,0.172,0.173,91.0
random,0.01,986,0.616,0.18,0.204,98.0
random,0.01,987,0.433,0.313,0.254,34.0
random,0.01,988,0.376,0.305,0.319,43.0
random,0.01,989,0.496,0.392,0.112,68.0
random,0.01,990,0.46,0.418,0.122,58.0
random,0.01,991,0.683,0.192,0.125,104.0
random,0.01,992,0.511,0.275,0.214,65.0
random,0.01,993,0.473,0.318,0.209,60.0
random,0.01,994,0.616,0.241,0.143,88.0
random,0.01,995,0.457,0.286,0.257,62.0
random,0.01,996,0.558,0.273,0.169,91.0
random,0.01,997,0.56,0.267,0.173,96.0
random,0.01,998,0.426,0.293,0.281,26.0
random,0.01,999,0.484,0.303,0.213,59.0
random,0.01,1000,0.634,0.23,0.136,85.0
random,0.01,1001,0.471,0.363,0.166,53.0
random,0.01,1002,0.584,0.256,0.16,86.0
random,0.01,1003,0.525,0.244,0.231,96.0
random,0.01,1004,0.443,0.341,0.216,51.0
random,0.01,1005,0.695,0.168,0.137,114.0
random,0.01,1006,0.506,0.392,0.102,41.0
random,0.01,1007,0.585,0.28,0.135,95.0
random,0.01,1008,0.49,0.364,0.146,49.0
random,0.01,1009,0.703,0.147,0.15,99.0
random,0.01,1010,0.324,0.365,0.311,27.0
random,0.01,1011,0.553,0.234,0.213,98.0
random,0.01,1012,0.461,0.45,0.089,50.0
random,0.01,1013,0.655,0.213,0.132,107.0
random,0.01,1014,0.462,0.375,0.163,47.0
random,0.01,1015,0.663,0.19,0.147,89.0
random,0.01,1016,0.519,0.374,0.107,50.0
random,0.01,1017,0.701,0.15,0.149,84.0
random,0.01,1018,0.583,0.273,0.144,63.0
random,0.01,1019,0.476,0.412,0.112,42.0
random,0.01,1020,0.486,0.277,0.237,61.0
random,0.01,1021,0.447,0.307,0.246,45.0
random,0.01,1022,0.586,0.238,0.176,80.0
random,0.01,1023,0.588,0.213,0.199,80.0
random,0.01,1024,0.506,0.358,0.136,56.0
random,0.01,1025,0.396,0.328,0.276,33.0
random,0.01,1026,0.686,0.16,0.154,105.0
random,0.01,1027,0.614,0.25,0.136,86.0
random,0.01,1028,0.612,0.233,0.155,91.0
random,0.01,1029,0.461,0.332,0.207,65.0
random,0.01,1030,0.681,0.176,0.143,107.0
